   1.0000000000000000        3.0000000000000000        15.243197504692072     
   1.2005439543756702        2.7768809073254226        12.661250618835695     
   1.3999744756721040        2.5527660387245414        10.438569664603406     
   1.5979483482579031        2.3273633924979737        8.5749771593364699     
   1.7939181240990556        2.1002161844822775        7.0702017043424812     
   1.9869207684793504        1.8705425325002294        5.9237870167555959     
   2.1749858517208209        1.6368086418939756        5.1348419972538641     
   2.3528460884307005        1.3952186103321100        4.7010741704915464     
   2.4938692097205535        1.1304309852167642        4.6104893702799465     
   2.2089913577610640        1.2244768071096308        4.6537017703613248     
   2.4036097390665208       0.99617066875456728        4.6067386741361087     
   2.1704358840466824        1.1849296698319860        4.6506740960736233     
   2.3732521199545098       0.96387406233754125        4.6057376230923310     
   2.1488390728360880        1.1629689930504616        4.6496780284205972     
   2.3550906145360435       0.94511512299314770        4.6053490429723052     
   2.1348054213424823        1.1487678686467060        4.6492453660769204     
   2.3428564067524955       0.93263181283352148        4.6051642960621582     
   2.1248842083529969        1.1387582979766180        4.6490249756473379     
   2.3340053836729622       0.92365752813756363        4.6050645351787338     
   2.1174702033593213        1.1312930810640711        4.6489001987762215     
   2.3272832571662700       0.91686712739996845        4.6050056789625424     
   2.1117059274204761        1.1254969959524621        4.6488239822658830     
   2.3219937029211901       0.91153658225983802        4.6049686040033135     
   2.1070885740102794        1.1208588044923145        4.6487746745921852     
   2.3177169795456569       0.90723370780612889        4.6049440369721895     
   2.1033026033294382        1.1170585929469703        4.6487413034021223     
   2.3141841222491508       0.90368335508963971        4.6049270875685639     
   2.1001394451877280        1.1138853612033510        4.6487178800694604     
   2.3112144121840501       0.90070148409239548        4.6049150016177087     
   2.0974554460827699        1.1111940292427385        4.6487009373506432     
   2.3086817227535477       0.89816007139479903        4.6049061434525616     
   2.0951482965286337        1.1088814111713072        4.6486883687290588     
   2.3064952414926525       0.89596716550668898        4.6048994981666045     
   2.0931430784660194        1.1068720295672756        4.6486788419906357     
   2.3045878564283866       0.89405494137884367        4.6048944123992559     
   2.0913836265108339        1.1051093502354719        4.6486714854665081     
   2.3029088595726703       0.89237222857897014        4.6048904521171226     
   2.0898269793490689        1.1035501617844363        4.6486657119403194     
   2.3014192003102072       0.89087966740101165        4.6048873210514678     
   2.0884396960213203        1.1021608494911768        4.6486611156639883     
   2.3000883023932732       0.88954646951332172        4.6048848121245545     
